Output:
[[  0.           9.          22.09072203   2.        ]
 [  1.           5.          25.65151068   2.        ]
 [  2.           6.          27.18455444   2.        ]
 [  4.          10.          36.12478374   3.        ]
 [  3.           7.          52.31634544   2.        ]
 [ 11.          13.          52.64028875   5.        ]
 [  8.          14.          61.9596643    3.        ]
 [ 12.          16.          67.96322535   5.        ]
 [ 15.          17.         148.9697956   10.        ]]

Solution:
[[  0.           9.          22.09072203   2.        ]
 [  1.           5.          25.65151068   2.        ]
 [  2.           6.          27.18455444   2.        ]
 [  4.          10.          36.12478374   3.        ]
 [  3.           7.          52.31634544   2.        ]
 [ 11.          13.          52.64028875   5.        ]
 [  8.          14.          61.9596643    3.        ]
 [ 12.          16.          67.96322535   5.        ]
 [ 15.          17.         148.9697956   10.        ]]
